0.000000 0.000000 0.000000 1.000000 
0.001807 0.140810 -0.002448 0.140842 
-0.015504 0.284668 -0.001459 0.144900 
-0.032785 0.428557 -0.000403 0.144927 
-0.040199 0.585133 -0.007771 0.156924 
-0.047514 0.741519 -0.015316 0.156738 
-0.048248 0.888732 -0.012697 0.147238 
-0.048970 1.035918 -0.010177 0.147209 
-0.056727 1.178831 -0.037624 0.145731 
-0.064526 1.321655 -0.065362 0.145701 
-0.061866 1.461799 -0.026349 0.145498 
-0.058927 1.601771 0.013155 0.145468 
-0.069508 1.753382 0.011634 0.151987 
-0.080175 1.904957 0.010020 0.151958 
-0.084898 2.038410 -0.015850 0.136020 
-0.089590 2.171687 -0.041952 0.135889 
-0.094731 2.320830 -0.026215 0.150059 
-0.099753 2.470022 -0.010612 0.150089 
-0.108778 2.612145 0.001505 0.142924 
-0.117747 2.754286 0.013782 0.142952 
-0.120723 2.902759 -0.006913 0.149938 
-0.123559 3.051170 -0.028276 0.149967 
-0.126399 3.198656 -0.004647 0.149394 
-0.129096 3.346098 0.019431 0.149420 
-0.132474 3.478521 0.010857 0.132743 
-0.135839 3.610863 0.002640 0.132640 
-0.148379 3.747954 0.002609 0.137663 
-0.160783 3.885027 0.003266 0.137635 
-0.166665 4.039377 0.004791 0.154470 
-0.172599 4.193696 0.006143 0.154438 
-0.159925 4.294215 0.002159 0.101394 
-0.145788 4.394508 -0.002004 0.101370 
-0.132812 4.529928 -0.002052 0.136040 
-0.116074 4.664907 -0.002268 0.136013 
-0.111072 4.785374 -0.009175 0.120768 
-0.102975 4.905547 -0.016153 0.120648 
-0.083310 5.016009 -0.006088 0.112649 
-0.060777 5.125932 0.004074 0.112668 
-0.066755 5.294049 -0.004161 0.168425 
-0.072126 5.462212 -0.012595 0.168461 
-0.040377 5.591966 -0.004411 0.133831 
-0.008347 5.721637 0.004371 0.133858 
0.014564 5.859761 0.020460 0.140932 
0.037523 5.997887 0.036678 0.140957 
0.057369 6.146811 0.014063 0.151934 
0.077365 6.295650 -0.008167 0.151813 
0.108170 6.435149 0.010412 0.144062 
0.139080 6.574597 0.028949 0.144032 
0.158997 6.722985 -0.005068 0.153534 
0.178879 6.871123 -0.040065 0.153509 
0.215712 7.018878 0.009960 0.160283 
0.252574 7.166637 0.059751 0.160221 
0.259365 7.283136 0.045789 0.117529 
0.265035 7.399742 0.032208 0.117531 
0.270505 7.563244 0.013338 0.164679 
0.272844 7.726590 -0.005847 0.164485 
0.291960 7.840998 0.022844 0.119490 
0.307921 7.955832 0.051669 0.119468 
0.308633 8.045586 0.029684 0.092410 
0.307856 8.135343 0.007713 0.092410 
0.317717 8.288589 0.007415 0.153563 
0.327822 8.441848 0.006810 0.153593 
0.341978 8.574239 -0.000837 0.133364 
0.356391 8.706613 -0.008724 0.133391 
0.367566 8.836137 -0.001530 0.130204 
0.380337 8.965435 0.005154 0.130099 
0.381077 9.088248 0.020738 0.123799 
0.383127 9.211047 0.036497 0.123823 
0.400007 9.353759 0.029795 0.143862 
0.418455 9.496330 0.023675 0.143891 
0.423098 9.645398 0.021590 0.149154 
0.427933 9.794428 0.019521 0.149124 
0.443859 9.934454 0.027854 0.141174 
0.459872 10.074421 0.036510 0.141147 
0.475989 10.228208 0.023714 0.155157 
0.492182 10.381756 0.010392 0.154974 
0.504209 10.522120 0.014913 0.140951 
0.516259 10.662460 0.019341 0.140926 
0.536237 10.806747 0.021804 0.145684 
0.556297 10.950992 0.024507 0.145658 
0.569211 11.101429 0.037805 0.151576 
0.582252 11.251874 0.050912 0.151576 
0.605156 11.386644 0.043053 0.136928 
0.628177 11.521411 0.035030 0.136955 
0.642659 11.663032 0.036227 0.142364 
0.657039 11.804550 0.037421 0.142251 
0.666536 11.954425 0.053738 0.151060 
0.676055 12.104277 0.070517 0.151088 
0.690207 12.224961 0.059885 0.121975 
0.703290 12.345778 0.049152 0.121997 
0.702950 12.485493 0.049397 0.139715 
0.700676 12.625217 0.049289 0.139742 
0.718904 12.758850 0.031572 0.136030 
0.737077 12.892477 0.013941 0.136005 
0.748893 13.030666 0.030120 0.139634 
0.760563 13.168639 0.046794 0.139466 
0.767207 13.310797 0.044856 0.142326 
0.773897 13.452921 0.042552 0.142300 
0.787632 13.604492 0.036944 0.152295 
0.801335 13.756034 0.031283 0.152266 
0.811414 13.903980 0.029365 0.148302 
0.821387 14.051904 0.027386 0.148273 
0.826786 14.186525 0.042822 0.135610 
0.832253 14.321080 0.058578 0.135586 
0.837437 14.472981 0.050100 0.152225 
0.842577 14.624718 0.041387 0.152074 
0.859290 14.757649 0.039515 0.133991 
0.876070 14.890602 0.037916 0.134017 
0.878907 15.049476 0.036483 0.158906 
0.881767 15.208376 0.034587 0.158937 
0.893142 15.345652 0.049110 0.138511 
0.904581 15.482946 0.063686 0.138538 
0.912074 15.632628 0.052655 0.150275 
0.919704 15.782322 0.041470 0.150305 
0.928685 15.917916 0.062043 0.137439 
0.937706 16.053284 0.083030 0.137281 
0.951870 16.202535 0.062262 0.151354 
0.966108 16.351720 0.041285 0.151324 
0.973732 16.492200 0.057212 0.141585 
0.981137 16.632671 0.073079 0.141558 
0.992186 16.784372 0.059678 0.152692 
1.003218 16.936033 0.046142 0.152664 
1.012644 17.068732 0.054720 0.133310 
1.022182 17.201389 0.063401 0.133282 
1.029131 17.349483 0.068717 0.148352 
1.036203 17.497395 0.074043 0.148177 
1.046202 17.641440 0.065484 0.144645 
1.056318 17.785506 0.056968 0.144672 
1.064019 17.935639 0.053505 0.150371 
1.071816 18.085798 0.050127 0.150399 
1.085074 18.230041 0.064688 0.145581 
1.098423 18.374311 0.079191 0.145610 
1.108589 18.519074 0.073025 0.145249 
1.118917 18.663835 0.066450 0.145279 
1.147946 18.857562 0.057119 0.196111 
1.174442 19.051468 0.047222 0.195958 
1.148901 19.188153 0.079625 0.142776 
1.117837 19.323566 0.112407 0.142745 
1.114113 19.390873 0.085973 0.072409 
1.107687 19.457940 0.059483 0.072394 
1.085802 19.541567 0.069450 0.087015 
1.063724 19.625096 0.079638 0.086996 
1.040871 19.740927 0.082140 0.118091 
1.018427 19.856835 0.084828 0.118092 
1.012100 19.989086 0.083619 0.132407 
1.007778 20.121315 0.082662 0.132304 
1.005909 20.216253 0.063555 0.096860 
1.006698 20.311233 0.044478 0.096880 
1.005399 20.418689 0.051243 0.107676 
1.007265 20.526163 0.057902 0.107697 
1.021160 20.704361 0.048824 0.178968 
1.038135 20.882298 0.039299 0.178999 
1.038092 21.033051 0.047733 0.150989 
1.037827 21.183849 0.055860 0.151017 
1.043926 21.321385 0.066836 0.138108 
1.050018 21.458822 0.077744 0.138003 
1.064424 21.604920 0.085758 0.147026 
1.079037 21.750972 0.093720 0.146997 
1.085234 21.889244 0.098682 0.138499 
1.091382 22.027469 0.104240 0.138473 
1.107405 22.180813 0.088778 0.154953 
1.123582 22.334145 0.073685 0.154920 
1.128569 22.475229 0.073437 0.141172 
1.133610 22.616281 0.072879 0.141144 
1.144013 22.751578 0.072626 0.135697 
1.154539 22.886706 0.072371 0.135537 
1.169207 23.036998 0.070731 0.151015 
1.183938 23.187280 0.068733 0.151016 
1.191687 23.325195 0.064100 0.138210 
1.199491 23.463135 0.059462 0.138238 
1.211421 23.606081 0.052572 0.143608 
1.223561 23.749029 0.045551 0.143635 
1.227377 23.896146 0.058730 0.147755 
1.231258 24.043232 0.072227 0.147754 
1.241790 24.183091 0.078728 0.140407 
1.252311 24.322854 0.085041 0.140300 
1.265142 24.466035 0.079462 0.143863 
1.278056 24.609270 0.074000 0.143920 
1.285787 24.761202 0.082167 0.152348 
1.293452 24.913156 0.090512 0.152376 
1.304593 25.051896 0.093653 0.139222 
1.315818 25.190594 0.097098 0.139194 
1.326617 25.344394 0.090321 0.154328 
1.337536 25.498151 0.083406 0.154298 
1.348814 25.631020 0.087846 0.133422 
1.360059 25.763733 0.092411 0.133266 
1.378254 25.914243 0.088838 0.151648 
1.396602 26.064708 0.085359 0.151619 
1.399509 26.197116 0.117183 0.136210 
1.402458 26.329378 0.149487 0.136182 
1.419969 26.488200 0.121359 0.162241 
1.437572 26.646936 0.092828 0.162238 
1.447654 26.786382 0.103769 0.140238 
1.457771 26.925867 0.114468 0.140260 
1.470524 27.069519 0.102624 0.144703 
1.483279 27.213075 0.090657 0.144618 
1.494289 27.357660 0.091799 0.145008 
1.505400 27.502269 0.092825 0.145039 
1.519356 27.643345 0.091511 0.141771 
1.533369 27.784413 0.089756 0.141773 
1.542756 27.935298 0.099392 0.151484 
1.552269 28.086167 0.109158 0.151483 
1.566621 28.216269 0.114177 0.130988 
1.580985 28.346307 0.119495 0.130937 
1.591895 28.499041 0.119052 0.153124 
1.602761 28.651597 0.118721 0.152943 
1.607996 28.792566 0.121541 0.141094 
1.613281 28.933503 0.124521 0.141068 
1.634015 29.080068 0.113310 0.148448 
1.654818 29.226573 0.101880 0.148415 
1.668756 29.373506 0.099824 0.147606 
1.682855 29.520390 0.097499 0.147578 
1.695695 29.666485 0.122987 0.148857 
1.708563 29.812554 0.148766 0.148883 
1.718773 29.953101 0.135828 0.141510 
1.728949 30.093526 0.122745 0.141400 
1.735642 30.222370 0.134180 0.129523 
1.742497 30.351233 0.145904 0.129576 
1.756269 30.500467 0.142673 0.149904 
1.770151 30.649720 0.139245 0.149936 
1.781128 30.790143 0.139634 0.140851 
1.792124 30.930591 0.140386 0.140880 
1.811594 31.086009 0.113462 0.158930 
1.831001 31.241326 0.085745 0.158960 
1.835063 31.373032 0.112157 0.134390 
1.839003 31.504515 0.138893 0.134231 
1.855645 31.649302 0.132156 0.145896 
1.872379 31.794032 0.125091 0.145864 
1.880262 31.935780 0.118584 0.142117 
1.888125 32.077511 0.112345 0.142085 
1.903869 32.220568 0.118359 0.144047 
1.919109 32.363626 0.124281 0.143989 
1.937375 32.503314 0.139161 0.141660 
1.955142 32.643013 0.154253 0.141631 
1.963965 32.780278 0.139523 0.138335 
1.971483 32.917470 0.124685 0.138196 
1.974492 33.053183 0.134375 0.136091 
1.976133 33.188932 0.144216 0.136116 
1.980644 33.330637 0.137742 0.141925 
1.983705 33.472398 0.130985 0.141954 
1.985543 33.609159 0.141252 0.137158 
1.986160 33.745964 0.151457 0.137186 
1.985961 33.878706 0.162053 0.133165 
1.984716 34.011489 0.172733 0.133218 
1.985148 34.150874 0.154054 0.140631 
1.984500 34.290078 0.135270 0.140468 
1.973628 34.427936 0.128636 0.138445 
1.961595 34.565669 0.121994 0.138417 
1.950777 34.704642 0.143241 0.141004 
1.939113 34.843467 0.164612 0.140944 
1.934375 34.974204 0.143393 0.132532 
1.928801 35.104955 0.122627 0.132507 
1.916018 35.243988 0.132047 0.139937 
1.902502 35.382946 0.141108 0.139908 
1.892954 35.525553 0.155459 0.143644 
1.883387 35.668029 0.169685 0.143504 
1.871115 35.818332 0.154676 0.151548 
1.858617 35.968579 0.139287 0.151550 
1.842939 36.114342 0.139814 0.146604 
1.827249 36.260161 0.140282 0.146662 
1.817292 36.394605 0.143340 0.134846 
1.807442 36.529100 0.146880 0.134901 
1.795946 36.672950 0.152286 0.144410 
1.784439 36.816820 0.157898 0.144439 
1.768343 36.955152 0.167724 0.139611 
1.752272 37.093358 0.177787 0.139500 
1.744012 37.246432 0.166314 0.153726 
1.735839 37.399440 0.154235 0.153701 
1.705280 37.486756 0.152397 0.092528 
1.675785 37.574433 0.150336 0.092528 
1.687669 37.705391 0.143762 0.131660 
1.703251 37.835966 0.137306 0.131660 
1.701865 37.962690 0.150284 0.127395 
1.704027 38.089363 0.163397 0.127369 
1.711399 38.242986 0.168353 0.153879 
1.719129 38.396391 0.173799 0.153696 
1.734447 38.541603 0.160726 0.146602 
1.749875 38.686803 0.147678 0.146599 
1.758447 38.834603 0.153869 0.148177 
1.767068 38.982427 0.160074 0.148206 
1.770511 39.120863 0.176672 0.139469 
1.774092 39.259330 0.193178 0.139494 
1.784418 39.408643 0.183666 0.149972 
1.794846 39.557945 0.174086 0.149971 
1.804865 39.699028 0.167667 0.141585 
1.814906 39.840000 0.161297 0.141472 
1.819529 39.984763 0.174917 0.145476 
1.824216 40.129545 0.188586 0.145501 
1.843469 40.280882 0.179787 0.152810 
1.862814 40.432209 0.171000 0.152812 
1.870965 40.574711 0.175899 0.142818 
1.879119 40.717197 0.180482 0.142793 
1.884932 40.862784 0.186726 0.145837 
1.890855 41.008348 0.192779 0.145811 
1.897962 41.149315 0.197894 0.141239 
1.905132 41.290086 0.202940 0.141043 
1.924741 41.440219 0.185445 0.152416 
1.944561 41.590314 0.168105 0.152387 
1.948803 41.731287 0.173972 0.141159 
1.952994 41.872259 0.179895 0.141158 
1.956231 42.015702 0.208607 0.146325 
1.959522 42.159233 0.237180 0.146384 
1.978134 42.305771 0.207630 0.150642 
1.996809 42.452320 0.178031 0.150671 
2.006511 42.593380 0.181332 0.141432 
2.016297 42.734317 0.184847 0.141320 
2.027727 42.877771 0.185781 0.143912 
2.039382 43.021259 0.187461 0.143969 
2.047056 43.162250 0.202308 0.141978 
2.054742 43.303274 0.217128 0.142009 
2.070006 43.444668 0.210872 0.142354 
2.085302 43.585992 0.204411 0.142296 
2.089309 43.729683 0.205205 0.143749 
2.093309 43.873373 0.205959 0.143747 
2.109549 44.021487 0.200690 0.149095 
2.125946 44.169399 0.195204 0.148919 
2.139528 44.319504 0.202008 0.150872 
2.153160 44.469591 0.209043 0.150869 
2.157591 44.613786 0.208304 0.144265 
2.162064 44.757950 0.207113 0.144238 
2.174456 44.905377 0.217668 0.148323 
2.186898 45.052783 0.228000 0.148291 
2.201006 45.197832 0.218961 0.146013 
2.215230 45.342920 0.209763 0.146073 
2.226348 45.482602 0.206501 0.140163 
2.237482 45.622173 0.203115 0.140055 
2.250453 45.763861 0.197625 0.142387 
2.263522 45.905539 0.192087 0.142387 
2.268855 46.045578 0.205059 0.140739 
2.274150 46.185640 0.218370 0.140793 
2.295803 46.339712 0.229830 0.156007 
2.317635 46.493814 0.241350 0.156067 
2.322795 46.628975 0.247664 0.135406 
2.328013 46.764135 0.253970 0.135408 
2.341847 46.918348 0.227301 0.157113 
2.355659 47.072288 0.200321 0.156895 
2.369101 47.206318 0.219831 0.136109 
2.382651 47.340277 0.239559 0.136080 
2.389527 47.491470 0.252774 0.151925 
2.396379 47.642619 0.265835 0.151867 
2.410685 47.778362 0.240143 0.138891 
2.424963 47.914167 0.214764 0.138892 
2.439658 48.062825 0.208836 0.149500 
2.454372 48.211507 0.202887 0.149528 
2.474683 48.356231 0.213825 0.146550 
2.495151 48.500814 0.225162 0.146464 
2.505012 48.638011 0.216126 0.137848 
2.514881 48.775258 0.207018 0.137902 
2.526659 48.918444 0.212583 0.143777 
2.538562 49.061661 0.218514 0.143833 
2.540811 49.203282 0.213611 0.141724 
2.543020 49.344943 0.208263 0.141780 
2.556778 49.478901 0.214887 0.134825 
2.570567 49.612860 0.221886 0.134848 
2.587635 49.767316 0.224673 0.155422 
2.604729 49.921587 0.227370 0.155238 
2.614230 50.060758 0.224237 0.139531 
2.623841 50.199926 0.221163 0.139532 
2.645856 50.354280 0.224003 0.155942 
2.667849 50.508612 0.226593 0.155913 
2.681088 50.646216 0.216794 0.138586 
2.694314 50.783775 0.207131 0.138531 
2.704700 50.927325 0.224411 0.144959 
2.715165 51.070869 0.241706 0.144960 
2.728968 51.210671 0.260813 0.141775 
2.742866 51.350306 0.280028 0.141634 
2.754398 51.493095 0.265110 0.144029 
2.765871 51.635932 0.250059 0.144086 
2.787972 51.783643 0.258327 0.149584 
2.810315 51.931347 0.266564 0.149611 
2.819418 52.075686 0.262820 0.144674 
2.828593 52.220055 0.259235 0.144705 
2.842776 52.367098 0.257304 0.147738 
2.856896 52.514145 0.255336 0.147736 
2.870081 52.653745 0.253742 0.140231 
2.883342 52.793145 0.252228 0.140037 
2.894168 52.942144 0.258200 0.149512 
2.904993 53.091129 0.263846 0.149484 
2.899317 53.205655 0.266790 0.114705 
2.894303 53.320191 0.269801 0.114685 
2.936913 53.420352 0.277445 0.109116 
2.982482 53.519166 0.285284 0.109097 
2.992672 53.648664 0.283173 0.129916 
3.006912 53.777757 0.281171 0.129891 
3.064713 53.906089 0.276617 0.140822 
3.126368 54.032494 0.272067 0.140713 
3.164124 54.159723 0.283143 0.133174 
3.203604 54.286495 0.294065 0.133226 
3.233897 54.427318 0.279890 0.144740 
3.264319 54.568110 0.265388 0.144769 
3.307254 54.714012 0.288551 0.153842 
3.350274 54.859911 0.311774 0.153872 
3.393483 54.995126 0.313676 0.141963 
3.436791 55.130337 0.315731 0.141993 
3.483423 55.268761 0.295079 0.147521 
3.529992 55.406994 0.273824 0.147406 
3.577992 55.540604 0.272219 0.141979 
3.626064 55.674221 0.270932 0.142007 
3.666299 55.807690 0.305466 0.143616 
3.706638 55.941002 0.340367 0.143587 
3.749999 56.077632 0.334367 0.143471 
3.793586 56.214156 0.328197 0.143446 
3.847921 56.318343 0.321459 0.117698 
3.904161 56.421481 0.314595 0.117676 
3.950425 56.525532 0.326219 0.114464 
3.999764 56.627981 0.338099 0.114329 
4.048979 56.734008 0.322670 0.117907 
4.101470 56.838468 0.307380 0.117902 
4.182068 56.980836 0.336429 0.166158 
4.265313 57.121633 0.365846 0.166190 
4.317121 57.239885 0.345365 0.130717 
4.368786 57.358185 0.324659 0.130740 
4.439018 57.487816 0.325377 0.147436 
4.509426 57.617386 0.326325 0.147467 
4.603935 57.744591 0.316739 0.158760 
4.698573 57.871505 0.307106 0.158607 
4.761798 58.001558 0.347880 0.150246 
4.823822 58.132269 0.388505 0.150276 
4.842578 58.247741 0.369831 0.118466 
4.856922 58.363821 0.351161 0.118444 
4.912617 58.454670 0.334682 0.107829 
4.964722 58.547550 0.317796 0.107828 
4.993683 58.642124 0.340899 0.101571 
5.018954 58.737715 0.364055 0.101551 
5.007558 58.821423 0.373917 0.085053 
4.994454 58.904782 0.383708 0.084949 
5.058447 59.065444 0.378528 0.173015 
5.122491 59.226060 0.373689 0.172981 
5.172804 59.372113 0.358629 0.155209 
5.223134 59.518155 0.343845 0.155176 
5.240753 59.587273 0.321317 0.074802 
5.258151 59.656414 0.298686 0.074802 
5.279265 59.714659 0.327878 0.068487 
5.300520 59.772779 0.357278 0.068512 
5.299408 59.824294 0.359331 0.051569 
5.298260 59.875770 0.361329 0.051527 
5.307870 59.921393 0.365352 0.046797 
5.317465 59.967032 0.369323 0.046806 
5.316402 59.967028 0.368483 0.001355 
5.315338 59.967028 0.367643 0.001355 
5.314274 59.967030 0.366803 0.001356 
5.313210 59.967036 0.365963 0.001355 
5.312147 59.967044 0.365123 0.001355 
5.311083 59.967056 0.364283 0.001355 
5.310018 59.967069 0.363441 0.001357 
5.308954 59.967087 0.362601 0.001355 
5.307891 59.967107 0.361761 0.001355 
5.306827 59.967131 0.360921 0.001355 
5.305764 59.967156 0.360081 0.001355 
5.304700 59.967186 0.359241 0.001356 
5.303637 59.967217 0.358401 0.001356 
5.302573 59.967254 0.357561 0.001356 
5.301512 59.967291 0.356721 0.001355 
5.300448 59.967331 0.355881 0.001356 
5.299385 59.967377 0.355041 0.001356 
5.298321 59.967423 0.354201 0.001356 
5.297259 59.967472 0.353361 0.001355 
5.296197 59.967527 0.352521 0.001355 
5.295135 59.967582 0.351681 0.001355 
5.294073 59.967641 0.350841 0.001355 
5.293011 59.967702 0.350001 0.001355 
5.291949 59.967768 0.349161 0.001356 
5.290887 59.967835 0.348321 0.001356 
5.289825 59.967906 0.347481 0.001356 
5.288763 59.967979 0.346641 0.001356 
5.287701 59.968056 0.345801 0.001356 
5.286641 59.968136 0.344961 0.001355 
5.285580 59.968218 0.344123 0.001354 
5.284520 59.968303 0.343283 0.001356 
5.283459 59.968392 0.342443 0.001356 
5.282398 59.968484 0.341603 0.001356 
5.281340 59.968578 0.340763 0.001355 
5.280279 59.968676 0.339923 0.001356 
5.279219 59.968776 0.339083 0.001357 
5.278160 59.968879 0.338243 0.001356 
5.277101 59.968986 0.337403 0.001356 
5.276042 59.969095 0.336563 0.001356 
5.274984 59.969208 0.335724 0.001354 
5.273925 59.969323 0.334884 0.001357 
5.272868 59.969441 0.334044 0.001356 
5.271810 59.969562 0.333206 0.001355 
5.270754 59.969687 0.332366 0.001355 
5.269697 59.969814 0.331526 0.001357 
5.268641 59.969943 0.330687 0.001355 
5.267583 59.970076 0.329847 0.001357 
5.266529 59.970213 0.329007 0.001355 
5.265473 59.970351 0.328169 0.001355 
5.264418 59.970494 0.327329 0.001356 
5.263363 59.970637 0.326490 0.001355 
5.262309 59.970786 0.325650 0.001356 
5.261255 59.970936 0.324812 0.001356 
5.260202 59.971089 0.323973 0.001355 
5.259148 59.971246 0.323133 0.001356 
5.258095 59.971405 0.322295 0.001355 
5.257042 59.971568 0.321455 0.001357 
5.255991 59.971734 0.320616 0.001355 
5.254940 59.971902 0.319776 0.001356 
5.253890 59.972073 0.318938 0.001355 
5.252838 59.972247 0.318099 0.001356 
5.251788 59.972424 0.317261 0.001355 
5.324665 60.017806 0.315513 0.085871 
5.403431 60.051966 0.313877 0.085869 
5.441055 60.119654 0.316266 0.077478 
5.485349 60.183154 0.318821 0.077465 
5.566766 60.321256 0.344370 0.162338 
5.650154 60.458010 0.369618 0.162150 
5.656550 60.461313 0.369125 0.007215 
5.662946 60.464617 0.368634 0.007216 
5.669343 60.467928 0.368145 0.007220 
5.675736 60.471242 0.367656 0.007217 
5.682132 60.474558 0.367170 0.007221 
5.688524 60.477879 0.366686 0.007219 
5.694915 60.481201 0.366202 0.007220 
5.701305 60.484528 0.365721 0.007220 
5.707699 60.487861 0.365241 0.007227 
5.714088 60.491194 0.364764 0.007221 
5.720472 60.494530 0.364287 0.007219 
5.726856 60.497870 0.363813 0.007220 
5.733238 60.501211 0.363341 0.007220 
5.739620 60.504557 0.362870 0.007220 
5.756309 60.520620 0.360974 0.023241 
5.772987 60.536700 0.359057 0.023247 
5.789648 60.552788 0.357116 0.023241 
5.806297 60.568890 0.355152 0.023246 
5.846229 60.590368 0.361700 0.045812 
5.886098 60.611909 0.368249 0.045786 
5.904834 60.646147 0.366282 0.039080 
5.922556 60.680898 0.364080 0.039071 
5.934546 60.783250 0.361467 0.103085 
5.939776 60.886134 0.358323 0.103064 
5.843802 60.805883 0.361857 0.125155 
5.752872 60.719973 0.365762 0.125156 
5.815746 60.696701 0.381326 0.068826 
5.878332 60.672656 0.396753 0.068798 
5.892600 60.702741 0.391151 0.033765 
5.907203 60.732625 0.385566 0.033727 
5.922153 60.762340 0.379995 0.033727 
5.937450 60.791879 0.374436 0.033725 
5.956002 60.826408 0.380345 0.039641 
5.974548 60.860959 0.386210 0.039650 
6.015692 60.919527 0.381021 0.071763 
6.056737 60.978164 0.375660 0.071776 
6.105534 61.044446 0.381878 0.082541 
6.153448 61.111392 0.388056 0.082558 
6.267761 61.281233 0.383015 0.204789 
6.371553 61.457496 0.377438 0.204628 
6.320679 61.522785 0.385607 0.083172 
6.261969 61.581189 0.393528 0.083190 
6.163053 61.401548 0.391124 0.205088 
6.078481 61.214806 0.389268 0.205007 
6.161685 61.226242 0.393482 0.084091 
6.245019 61.236555 0.397698 0.084075 
6.278503 61.294152 0.396518 0.066633 
6.311724 61.351884 0.395294 0.066619 
6.344727 61.409832 0.394025 0.066699 
6.377427 61.467844 0.392715 0.066607 
6.409875 61.526013 0.391361 0.066620 
6.442058 61.584312 0.389963 0.066607 
6.344367 61.420734 0.388545 0.190534 
6.249483 61.255468 0.386910 0.190574 
6.241765 61.239452 0.385103 0.017871 
6.234054 61.223428 0.383298 0.017873 
6.226353 61.207407 0.381495 0.017867 
6.218658 61.191376 0.379695 0.017873 
6.210965 61.175330 0.377895 0.017887 
6.203286 61.159293 0.376098 0.017871 
6.195616 61.143254 0.374304 0.017869 
6.187953 61.127208 0.372510 0.017872 
6.187969 61.128008 0.372545 0.000800 
6.187984 61.128809 0.372578 0.000802 
6.188001 61.129610 0.372612 0.000802 
6.188016 61.130409 0.372645 0.000800 
6.188032 61.131210 0.372680 0.000802 
6.188049 61.132009 0.372714 0.000800 
6.188064 61.132812 0.372747 0.000803 
6.188081 61.133612 0.372782 0.000800 
6.188096 61.134412 0.372815 0.000802 
6.188112 61.135212 0.372849 0.000800 
6.188129 61.136013 0.372882 0.000802 
6.188144 61.136813 0.372917 0.000800 
6.188160 61.137614 0.372950 0.000802 
6.188175 61.138414 0.372984 0.000802 
6.188192 61.139214 0.373017 0.000800 
6.188208 61.140015 0.373052 0.000802 
6.188223 61.140816 0.373085 0.000802 
6.188239 61.141617 0.373119 0.000802 
6.188254 61.142417 0.373154 0.000800 
6.188271 61.143217 0.373187 0.000802 
6.188288 61.144017 0.373221 0.000800 
6.188302 61.144818 0.373254 0.000802 
6.188319 61.145618 0.373289 0.000800 
6.188334 61.146419 0.373322 0.000802 
6.188351 61.147219 0.373356 0.000802 
6.188367 61.148019 0.373391 0.000800 
6.188382 61.148820 0.373424 0.000802 
6.188399 61.149621 0.373458 0.000802 
6.188415 61.150421 0.373491 0.000800 
6.188430 61.151222 0.373526 0.000802 
6.188446 61.152023 0.373560 0.000802 
6.188462 61.152822 0.373593 0.000800 
6.188478 61.153623 0.373628 0.000802 
6.188495 61.154422 0.373661 0.000800 
6.188509 61.155223 0.373695 0.000802 
6.188526 61.156024 0.373730 0.000802 
6.188542 61.156826 0.373763 0.000802 
6.188558 61.157625 0.373797 0.000800 
6.188574 61.158426 0.373832 0.000802 
6.188589 61.159227 0.373865 0.000802 
6.188605 61.160027 0.373899 0.000800 
6.188622 61.160827 0.373932 0.000802 
6.188637 61.161627 0.373967 0.000800 
6.188654 61.162428 0.374001 0.000802 
6.188670 61.163227 0.374034 0.000800 
6.188685 61.164028 0.374069 0.000802 
6.188702 61.164829 0.374103 0.000802 
6.188718 61.165629 0.374136 0.000800 
6.188733 61.166430 0.374170 0.000802 
6.188750 61.167230 0.374205 0.000800 
6.188766 61.168031 0.374238 0.000802 
6.188781 61.168831 0.374273 0.000802 
6.188798 61.169631 0.374307 0.000800 
6.188812 61.170432 0.374340 0.000802 
6.188829 61.171231 0.374375 0.000800 
6.188845 61.172032 0.374409 0.000802 
6.188861 61.172834 0.374442 0.000802 
6.188877 61.173635 0.374477 0.000802 
6.188894 61.174434 0.374511 0.000800 
6.188908 61.175235 0.374544 0.000802 
6.188925 61.176036 0.374579 0.000802 
6.188941 61.176835 0.374613 0.000800 
6.188957 61.177636 0.374646 0.000802 
6.188973 61.178436 0.374681 0.000800 
6.188990 61.179237 0.374715 0.000802 
6.189005 61.180036 0.374750 0.000800 
6.189021 61.180839 0.374783 0.000803 
6.189037 61.181639 0.374817 0.000800 
6.189053 61.182440 0.374852 0.000802 
6.189069 61.183239 0.374885 0.000800 
6.189086 61.184040 0.374919 0.000802 
6.189100 61.184839 0.374954 0.000800 
6.189117 61.185640 0.374988 0.000802 
6.189133 61.186440 0.375021 0.000800 
6.189149 61.187241 0.375056 0.000802 
6.189165 61.188042 0.375090 0.000802 
6.189181 61.188843 0.375125 0.000802 
6.189197 61.189643 0.375158 0.000800 
6.189213 61.190444 0.375192 0.000802 
6.189230 61.191243 0.375227 0.000800 
6.189246 61.192044 0.375260 0.000802 
6.189261 61.192845 0.375294 0.000802 
6.189278 61.193644 0.375329 0.000800 
6.189294 61.194446 0.375363 0.000802 
6.189309 61.195245 0.375398 0.000800 
6.189326 61.196046 0.375431 0.000802 
6.189342 61.196847 0.375465 0.000802 
6.189357 61.197647 0.375500 0.000800 
6.189374 61.198448 0.375534 0.000802 
6.189390 61.199248 0.375567 0.000802 
6.189405 61.200048 0.375602 0.000800 
6.189421 61.200849 0.375636 0.000802 
6.189438 61.201648 0.375671 0.000800 
6.189454 61.202449 0.375705 0.000802 
6.189470 61.203249 0.375738 0.000800 
6.189486 61.204050 0.375773 0.000802 
6.189503 61.204851 0.375807 0.000802 
6.189517 61.205652 0.375842 0.000802 
6.189534 61.206452 0.375876 0.000800 
6.189550 61.207252 0.375909 0.000802 
6.189566 61.208052 0.375943 0.000800 
6.189582 61.208853 0.375978 0.000802 
6.189599 61.209652 0.376013 0.000800 
6.189615 61.210454 0.376047 0.000802 
6.189630 61.211255 0.376080 0.000802 
6.189647 61.212054 0.376114 0.000800 
6.189663 61.212855 0.376149 0.000802 
6.189678 61.213656 0.376184 0.000802 
6.189695 61.214455 0.376218 0.000800 
6.189711 61.215256 0.376253 0.000802 
6.189728 61.216058 0.376286 0.000802 
6.189742 61.216857 0.376320 0.000800 
6.189759 61.217658 0.376355 0.000802 
6.189775 61.218457 0.376389 0.000800 
6.189792 61.219259 0.376424 0.000802 
6.189807 61.220058 0.376458 0.000800 
6.189824 61.220859 0.376493 0.000802 
6.189840 61.221660 0.376526 0.000802 
6.189855 61.222459 0.376560 0.000800 
6.189872 61.223260 0.376595 0.000802 
6.189888 61.224061 0.376629 0.000802 
6.189905 61.224861 0.376664 0.000800 
6.189920 61.225662 0.376698 0.000802 
6.189936 61.226462 0.376733 0.000800 
6.189953 61.227263 0.376767 0.000802 
6.189969 61.228062 0.376802 0.000800 
6.189984 61.228863 0.376835 0.000802 
6.190000 61.229664 0.376869 0.000802 
6.190017 61.230465 0.376904 0.000802 
6.190033 61.231264 0.376938 0.000800 
6.190049 61.232066 0.376972 0.000802 
6.190065 61.232865 0.377007 0.000800 
6.190082 61.233666 0.377042 0.000802 
6.190098 61.234465 0.377076 0.000800 
6.190113 61.235267 0.377111 0.000802 
6.190129 61.236066 0.377145 0.000800 
6.190146 61.236868 0.377180 0.000803 
6.190162 61.237668 0.377213 0.000800 
6.190179 61.239090 0.377291 0.001424 
6.190197 61.240511 0.377369 0.001423 
6.190213 61.241931 0.377447 0.001423 
6.190230 61.243352 0.377525 0.001423 
6.190248 61.244773 0.377603 0.001424 
6.190263 61.246194 0.377679 0.001423 
6.190280 61.247614 0.377757 0.001423 
6.190296 61.249037 0.377835 0.001424 
6.190311 61.250458 0.377913 0.001424 
6.190326 61.251879 0.377991 0.001423 
6.190343 61.253301 0.378069 0.001424 
6.190358 61.254722 0.378147 0.001423 
6.190371 61.256142 0.378225 0.001423 
6.190386 61.257564 0.378303 0.001424 
6.190399 61.258984 0.378381 0.001423 
6.190415 61.260405 0.378459 0.001423 
6.190428 61.261827 0.378537 0.001424 
6.190442 61.263247 0.378615 0.001423 
6.190455 61.264669 0.378693 0.001424 
6.190467 61.266092 0.378771 0.001424 
6.190481 61.267512 0.378849 0.001423 
6.190493 61.268934 0.378927 0.001424 
6.190506 61.270355 0.379005 0.001423 
6.190518 61.271775 0.379083 0.001423 
6.190528 61.273197 0.379161 0.001424 
6.190540 61.274618 0.379239 0.001423 
6.190552 61.276038 0.379319 0.001423 
6.190563 61.277460 0.379397 0.001424 
6.190573 61.278882 0.379475 0.001424 
6.190584 61.280302 0.379553 0.001423 
6.190595 61.281725 0.379631 0.001424 
6.190605 61.283145 0.379709 0.001423 
6.190616 61.284565 0.379788 0.001423 
6.190624 61.285987 0.379866 0.001424 
6.190635 61.287408 0.379944 0.001423 
6.190644 61.288829 0.380022 0.001423 
6.190653 61.290250 0.380100 0.001424 
6.190661 61.291671 0.380180 0.001423 
6.190669 61.293094 0.380258 0.001426 
6.190679 61.294515 0.380336 0.001423 
6.190686 61.295935 0.380415 0.001423 
6.190694 61.297356 0.380493 0.001423 
6.190701 61.298778 0.380571 0.001424 
6.190708 61.300199 0.380651 0.001423 
6.190716 61.301620 0.380729 0.001424 
6.190722 61.303041 0.380807 0.001423 
6.190730 61.304462 0.380886 0.001423 
6.190736 61.305884 0.380964 0.001424 
6.190742 61.307305 0.381042 0.001424 
6.190748 61.308726 0.381122 0.001423 
6.190752 61.310148 0.381200 0.001424 
6.190758 61.311569 0.381279 0.001423 
6.190763 61.312989 0.381357 0.001423 
6.190768 61.314411 0.381437 0.001424 
6.190773 61.315831 0.381515 0.001423 
6.190778 61.317252 0.381593 0.001423 
6.190781 61.318674 0.381672 0.001424 
6.190785 61.320094 0.381750 0.001423 
6.190789 61.321518 0.381830 0.001426 
6.190793 61.322939 0.381909 0.001423 
6.190796 61.324359 0.381987 0.001423 
6.190798 61.325779 0.382067 0.001423 
6.190801 61.327201 0.382145 0.001424 
6.190803 61.328622 0.382224 0.001423 
6.190806 61.330044 0.382302 0.001424 
6.190808 61.331464 0.382382 0.001423 
6.190809 61.332885 0.382461 0.001423 
6.190810 61.334307 0.382539 0.001424 
6.190812 61.335729 0.382619 0.001424 
6.190814 61.337149 0.382698 0.001423 
6.190815 61.338572 0.382776 0.001424 
6.190815 61.339992 0.382856 0.001423 
6.190815 61.341413 0.382935 0.001423 
6.190815 61.342835 0.383013 0.001424 
6.190815 61.344255 0.383093 0.001423 
6.190815 61.345676 0.383172 0.001423 
6.190814 61.347098 0.383250 0.001424 
6.190814 61.348518 0.383330 0.001423 
6.190812 61.349940 0.383409 0.001424 
6.190810 61.351362 0.383489 0.001424 
6.190809 61.352783 0.383568 0.001423 
6.190808 61.354203 0.383646 0.001423 
6.190806 61.355625 0.383726 0.001424 
6.190803 61.357046 0.383805 0.001423 
6.190800 61.358466 0.383885 0.001423 
6.190797 61.359887 0.383964 0.001423 
6.190794 61.361308 0.384042 0.001424 
6.190791 61.362729 0.384122 0.001423 
6.190788 61.364151 0.384201 0.001424 
6.190784 61.365573 0.384281 0.001424 
6.190781 61.366993 0.384360 0.001423 
6.190776 61.368414 0.384440 0.001423 
6.190771 61.369836 0.384519 0.001424 
6.190767 61.371257 0.384599 0.001423 
6.190763 61.372677 0.384678 0.001423 
6.190757 61.374099 0.384758 0.001424 
6.190752 61.375520 0.384837 0.001423 
6.190746 61.376940 0.384917 0.001423 
6.157066 61.489353 0.389150 0.117426 
6.119571 61.600458 0.393212 0.117332 
6.035738 61.670029 0.347621 0.118097 
5.948511 61.734769 0.301233 0.118117 
5.985362 61.787477 0.331682 0.071155 
6.019770 61.841796 0.362145 0.071152 
6.038551 61.962498 0.358821 0.122200 
6.056691 62.083269 0.355445 0.122172 
6.014192 62.217024 0.362870 0.140541 
5.971575 62.350693 0.370598 0.140511 
5.935788 62.502287 0.385794 0.156499 
5.900115 62.653666 0.401148 0.156282 
5.871987 62.791430 0.376835 0.142692 
5.843895 62.929099 0.352122 0.142664 
5.814812 63.078513 0.347955 0.152275 
5.785601 63.227863 0.343541 0.152244 
5.751131 63.362995 0.372542 0.142443 
5.716661 63.498111 0.401622 0.142443 
5.682492 63.643539 0.395591 0.149510 
5.648370 63.788994 0.389945 0.149510 
5.615253 63.935409 0.389714 0.150114 
5.582091 64.081659 0.388892 0.149965 
5.550934 64.219158 0.380421 0.141239 
5.519799 64.356665 0.371988 0.141239 
5.483658 64.499402 0.366927 0.147328 
5.447553 64.642149 0.362006 0.147325 
5.419359 64.779438 0.358364 0.140201 
5.391237 64.916697 0.355190 0.140146 
5.364687 65.058879 0.361417 0.144774 
5.338232 65.201031 0.367448 0.144719 
5.293028 65.340016 0.368159 0.146154 
5.247934 65.478861 0.368690 0.145984 
5.219342 65.631695 0.350184 0.156583 
5.190872 65.784504 0.331281 0.156584 
5.152880 65.924717 0.346832 0.146098 
5.114406 66.064723 0.362999 0.146094 
5.080591 66.200597 0.356913 0.140150 
5.046144 66.336274 0.350702 0.140120 
5.012783 66.459109 0.346382 0.127358 
4.979005 66.581834 0.342200 0.127356 
4.955371 66.728217 0.343317 0.148283 
4.931800 66.874464 0.344274 0.148137 
4.885310 67.007652 0.348119 0.141121 
4.838736 67.140858 0.352391 0.141178 
4.809053 67.284102 0.330671 0.147891 
4.779402 67.427379 0.308718 0.147951 
4.750632 67.566746 0.320390 0.142783 
4.721970 67.706140 0.331992 0.142783 
4.726143 67.793081 0.333816 0.087059 
4.731873 67.879934 0.335549 0.087059 
4.715883 67.966702 0.348515 0.089178 
4.702413 68.053741 0.361805 0.089072 
4.691545 68.185266 0.377525 0.132906 
4.684866 68.317056 0.393339 0.132903 
4.642379 68.492181 0.372483 0.181408 
4.601792 68.667698 0.351731 0.181339 
4.574103 68.805904 0.338376 0.141584 
4.546297 68.944137 0.324956 0.141639 
4.544282 69.091998 0.341592 0.148808 
4.542295 69.239906 0.358088 0.148838 
4.534382 69.376427 0.361457 0.136792 
4.526627 69.512850 0.364847 0.136686 
4.513269 69.659196 0.361359 0.146996 
4.499948 69.805571 0.357750 0.147024 
4.497233 69.945646 0.343572 0.140818 
4.494703 70.085748 0.329321 0.140847 
4.482720 70.234381 0.337325 0.149330 
4.470678 70.383043 0.345294 0.149362 
4.461267 70.526646 0.352148 0.144074 
4.451901 70.670192 0.359060 0.144017 
4.448724 70.814820 0.347889 0.145094 
4.445619 70.959299 0.336653 0.144948 
4.428204 71.095846 0.338664 0.137669 
4.410879 71.232405 0.340643 0.137667 
4.403480 71.383398 0.340286 0.151175 
4.396230 71.534398 0.339852 0.151175 
4.387161 71.679919 0.340372 0.145804 
4.378121 71.825414 0.340805 0.145775 
4.372838 71.978268 0.340127 0.152947 
4.367630 72.131155 0.339413 0.152978 
4.357517 72.267054 0.341765 0.136295 
4.347390 72.402840 0.344331 0.136187 
4.335364 72.548997 0.344253 0.146651 
4.323465 72.695192 0.343749 0.146679 
4.318484 72.830888 0.325202 0.137048 
4.313604 72.966639 0.306626 0.137103 
4.305200 73.120101 0.305697 0.153695 
4.296792 73.273626 0.304775 0.153758 
4.291475 73.413633 0.318426 0.140771 
4.286284 73.553655 0.332267 0.140800 
4.276788 73.702585 0.329361 0.149261 
4.267225 73.851366 0.326603 0.149113 
4.259844 73.991697 0.335619 0.140814 
4.252615 74.131994 0.344420 0.140758 
4.249533 74.276888 0.324746 0.146256 
4.246512 74.421810 0.305262 0.146258 
4.238997 74.574021 0.293219 0.152872 
4.231500 74.726197 0.281111 0.152841 
4.222680 74.859519 0.286143 0.133708 
4.213893 74.992836 0.291324 0.133707 
4.203984 75.137908 0.310463 0.146665 
4.194108 75.282820 0.329720 0.146519 
4.189119 75.429656 0.331563 0.146931 
4.184260 75.576551 0.333488 0.146988 
4.181917 75.724506 0.330608 0.148002 
4.179708 75.872493 0.327525 0.148036 
4.163439 75.992805 0.333060 0.121533 
4.147391 76.113178 0.338435 0.121557 
4.164522 76.216383 0.343955 0.104762 
4.184003 76.319201 0.349676 0.104803 
4.204398 76.453242 0.318120 0.139208 
4.228465 76.586512 0.286622 0.139041 
4.233617 76.729730 0.331401 0.150143 
4.242498 76.872503 0.376913 0.150114 
4.232208 77.014533 0.355422 0.144015 
4.222272 77.156514 0.333635 0.143986 
4.232682 77.292262 0.325506 0.136390 
4.243223 77.427980 0.317459 0.136363 
4.265360 77.576259 0.328424 0.150323 
4.287624 77.724501 0.339243 0.150295 
4.308872 77.874848 0.355103 0.152666 
4.330231 78.024943 0.371415 0.152483 
4.344927 78.167670 0.358574 0.144055 
4.359568 78.310371 0.345120 0.144080 
4.376067 78.457558 0.346601 0.148117 
4.392729 78.604759 0.347816 0.148146 
4.407773 78.749877 0.346797 0.145899 
4.422903 78.895043 0.345699 0.145956 
4.440603 79.038675 0.344522 0.144724 
4.458470 79.182290 0.343511 0.144725 
4.475172 79.327520 0.340871 0.146211 
4.491977 79.472626 0.338396 0.146098 
4.507218 79.605220 0.325343 0.134104 
4.522440 79.737807 0.312471 0.134077 
4.551069 79.888213 0.329651 0.154068 
4.579917 80.038554 0.346776 0.154038 
4.591657 80.177683 0.327503 0.140948 
4.603458 80.316825 0.308546 0.140922 
4.628733 80.469297 0.307475 0.154556 
4.653737 80.621779 0.305993 0.154526 
4.656487 80.742474 0.323651 0.122010 
4.658607 80.863011 0.341477 0.121866 
4.672074 81.009852 0.338892 0.147480 
4.684404 81.156790 0.336135 0.147481 
4.695875 81.296855 0.342605 0.140682 
4.705827 81.437072 0.348881 0.140710 
4.713644 81.554401 0.356610 0.117844 
4.719726 81.671827 0.364470 0.117846 
